1분위	a	b	c	d	e	f	g
1	0.0000000045130719 	-0.0000015353318250 	0.0002001069632980 	-0.0123047802687450 	0.3392619845512270 	-1.5817136980648000 	-0.0272315919386301 
2	0.0000000041699346 	-0.0000013628393665 	0.0001692462921065 	-0.0097807478061123 	0.2442624250421800 	-0.2761586109956690 	-0.2669477581248430 
3	0.0000000066879085 	-0.0000021788084465 	0.0002714710910004 	-0.0159325020567609 	0.4170683647559800 	-1.8457486288200900 	-0.3161044837518150 
4	0.0000000062557190 	-0.0000020454656863 	0.0002546705945198 	-0.0148328769882022 	0.3810971007585470 	-1.4581451391725800 	-0.2597285067877240 
5	0.0000000046511438 	-0.0000015499905732 	0.0001972571958270 	-0.0117770357705969 	0.3099140914802670 	-0.9896313588355890 	-0.0915261209378286 
6	0.0000000059419935 	-0.0000020295531674 	0.0002653598856208 	-0.0163325444775745 	0.4491059284014650 	-2.4075921431487500 	-0.1579185520372450 
7	0.0000000047361111 	-0.0000015655448718 	0.0001985742521367 	-0.0118886145104856 	0.3151976612275390 	-1.0095425407911000 	-0.2744755244767700 
8	0.0000000091691176 	-0.0000029246134992 	0.0003555685331824 	-0.0203393523755591 	0.5256375311940910 	-2.9586765048652200 	-0.5690045248875320 
9	0.0000000027589869 	-0.0000009358691554 	0.0001216027840623 	-0.0074514161696124 	0.2012843859407840 	-0.2170251953919790 	-0.1770259152611970 
10	0.0000000053186275 	-0.0000017786010558 	0.0002265695701356 	-0.0135259778211923 	0.3599202557244910 	-1.6262451665961600 	-0.1202385849451280 
11	0.0000000064566993 	-0.0000021237085219 	0.0002673640334338 	-0.0158254040689643 	0.4140217158003600 	-1.7026237830776000 	-0.3044631838763510 
12	0.0000000048071895 	-0.0000015790158371 	0.0001972892785319 	-0.0114749528657577 	0.2894188455824000 	-0.6474846085272890 	-0.2563759769651600 
13	0.0000000033374183 	-0.0000011119626697 	0.0001434689228255 	-0.0088514264534448 	0.2440394167922480 	-0.5350509735350410 	-0.0914644179357538 
14	0.0000000062949346 	-0.0000020825509050 	0.0002619241767219 	-0.0153575179110069 	0.3958996103568380 	-1.6268194501561000 	-0.4767379679153690 
15	0.0000000045138889 	-0.0000015011217949 	0.0001909001068375 	-0.0114348412004606 	0.3060868783992170 	-1.1848088578071000 	-0.0734265734278097 
16	0.0000000055931373 	-0.0000018798642534 	0.0002428895173453 	-0.0148613722062184 	0.4089588602082240 	-2.1134816604942200 	-0.1309132044435730 
17	0.0000000039738562 	-0.0000013684389140 	0.0001808629964805 	-0.0112948975044500 	0.3144754015264010 	-1.2560224873147300 	0.0460715754826424 
18	0.0000000060547386 	-0.0000020162613122 	0.0002573457453493 	-0.0155099157582529 	0.4193943680010430 	-2.1080377073881200 	0.0636774989702644 
19	0.0000000080694444 	-0.0000026299679487 	0.0003273402777777 	-0.0191656395687573 	0.5038052078474890 	-2.7558461538436400 	-0.3545454545483150 
20	0.0000000056307190 	-0.0000017882541478 	0.0002156241201608 	-0.0121305969765496 	0.3002999562364640 	-0.8221165843946300 	-0.4279103249695030 
21	0.0000000027630719 	-0.0000009923831071 	0.0001355364504776 	-0.0085743606883300 	0.2295973749942370 	-0.1404788495810950 	-0.3380707527767300 
22	0.0000000052990196 	-0.0000017865007541 	0.0002319091251884 	-0.0142910102152692 	0.3967971914848170 	-2.0149048059764300 	-0.2028177704664810 
23	0.0000000059950980 	-0.0000020161576169 	0.0002593180618400 	-0.0156736262511921 	0.4213018257230780 	-2.0464943096095800 	-0.0277252159628461 
24	0.0000000041045752 	-0.0000013990007541 	0.0001833589115133 	-0.0113969397024499 	0.3190354859681470 	-1.4364176264896500 	-0.1440765117243930 
25	0.0000000071053922 	-0.0000023859445701 	0.0003066392345399 	-0.0185442791889409 	0.5011928506785130 	-2.7714055601236600 	-0.2315302344736660 
26	0.0000000075972222 	-0.0000024966346154 	0.0003114834401708 	-0.0181112398018568 	0.4660977117324770 	-2.2858572261046100 	-0.2171328671342960 
2분위	a	b	c	d	e	f	g
1	-0.0000000041707516 	0.0000012866421569 	-0.0001441580253896 	0.0067155727238405 	-0.0954586766989965 	0.5896517893857760 	0.0414644179361403 
2	-0.0000000036511438 	0.0000011323623680 	-0.0001265937342885 	0.0057746319244437 	-0.0743275005712031 	0.5557193541739710 	-0.0507815713688160 
3	-0.0000000049705882 	0.0000015632918552 	-0.0001795077300150 	0.0087306415398263 	-0.1437973820785290 	0.9577146921687340 	-0.0815508021380538 
4	-0.0000000057589869 	0.0000017903563348 	-0.0002030963738058 	0.0097765618572532 	-0.1619679640292350 	1.0812664541320200 	-0.0600370218007811 
5	-0.0000000039272876 	0.0000012103978130 	-0.0001352852249874 	0.0062646557486586 	-0.0875702342427560 	0.6278448855053280 	-0.0075071986831290 
6	-0.0000000054517974 	0.0000017558917798 	-0.0002076949157867 	0.0105569848656165 	-0.1930992524793270 	1.3654001439714100 	-0.1629164952678370 
7	-0.0000000059746732 	0.0000018316647813 	-0.0002058997297636 	0.0099537463149518 	-0.1731048874489390 	1.2530966680356300 	-0.1257507198665730 
8	-0.0000000055065359 	0.0000017660633484 	-0.0002084477124182 	0.0106252193884469 	-0.1975884398279330 	1.4139885506628100 	-0.1276429452897220 
9	-0.0000000046756536 	0.0000014820230015 	-0.0001732630404725 	0.0087721329528250 	-0.1614572355910290 	1.2421423282581400 	-0.1352118469759490 
10	-0.0000000039223856 	0.0000012320041478 	-0.0001411193124685 	0.0067934539112800 	-0.1061489888704720 	0.8223269573549630 	-0.0318798848203414 
11	-0.0000000033790850 	0.0000010954562594 	-0.0001295923202613 	0.0064509092623010 	-0.1055242128295100 	0.8831453791292040 	-0.1763677498960310 
12	-0.0000000045767974 	0.0000014534879336 	-0.0001696644670688 	0.0085139560194634 	-0.1527750333651290 	1.2238704236919400 	-0.2359934183449470 
13	-0.0000000038504902 	0.0000011896021870 	-0.0001332938348415 	0.0062017195427069 	-0.0886199561221637 	0.6837553475920930 	-0.1029823118052490 
14	-0.0000000048349673 	0.0000015331825038 	-0.0001786792357968 	0.0089613310708833 	-0.1608970545955510 	1.1884030234452700 	-0.1345331139440300 
15	-0.0000000033104575 	0.0000010088423831 	-0.0001116221091000 	0.0050983434457662 	-0.0664586540745801 	0.5034713081025690 	-0.0133895516243001 
16	-0.0000000036732026 	0.0000011583710407 	-0.0001333130970336 	0.0064474804607108 	-0.1006006542802250 	0.7933568490319170 	-0.0626079802540289 
17	-0.0000000033227124 	0.0000010415252640 	-0.0001178301596279 	0.0054226985636872 	-0.0676107622605040 	0.4394389140259830 	-0.0669683257910947 
18	-0.0000000065661765 	0.0000020443721719 	-0.0002328279600300 	0.0113606930446916 	-0.1998140473739530 	1.4268244892337600 	-0.1358288770047690 
19	-0.0000000038276144 	0.0000012128676471 	-0.0001403165849672 	0.0068294190490833 	-0.1076453060010530 	0.7751957699149370 	-0.0258124228703309 
20	-0.0000000039256536 	0.0000012284973605 	-0.0001407341943187 	0.0068382314376750 	-0.1102658719547040 	0.7850467571629590 	-0.0687782805424604 
21	-0.0000000058684641 	0.0000017959558824 	-0.0002003070952739 	0.0094490740264580 	-0.1498968049269350 	0.8918745029462560 	0.1042163718641400 
22	-0.0000000040816993 	0.0000012498303167 	-0.0001386829436902 	0.0063578851295721 	-0.0859300083412126 	0.5292648087194130 	0.0394282188404986 
23	-0.0000000032050654 	0.0000010187311463 	-0.0001180245412267 	0.0057097315062352 	-0.0851405877781320 	0.6176945358552060 	0.0169683257923907 
24	-0.0000000049665033 	0.0000015151112368 	-0.0001693240635997 	0.0080855233614371 	-0.1331723300880610 	0.9375838818028580 	0.0301316330740065 
25	-0.0000000057026144 	0.0000017707202112 	-0.0002001322900954 	0.0095512212052586 	-0.1545523281455240 	1.0289230426416600 	-0.0474907445486679 
26	-0.0000000062696078 	0.0000020119720965 	-0.0002384104449471 	0.0122915526874993 	-0.2363044453583090 	1.6254132044400000 	-0.1941176470572830 
3분위	a	b	c	d	e	f	g
1	0.0000000040514706 	-0.0000011764988688 	0.0001213879147812 	-0.0053870933600664 	0.1114450665019910 	-0.5289886535019770 	0.1320238584941080 
2	0.0000000036650327 	-0.0000010924585219 	0.0001176092257415 	-0.0055940302344674 	0.1250100782712900 	-0.5745317084864050 	0.0270053475928762 
3	0.0000000047834967 	-0.0000014057220965 	0.0001485188851180 	-0.0068767872446119 	0.1488395813335300 	-0.9010046962823740 	0.2077540106942020 
4	0.0000000039468954 	-0.0000010964083710 	0.0001065963109602 	-0.0043493174105272 	0.0838604022120681 	-0.3161508638409760 	-0.0382352941180670 
5	0.0000000053864379 	-0.0000015811557315 	0.0001670318941678 	-0.0077170287433093 	0.1626261012841650 	-0.8748165021235350 	0.1256478815294030 
6	0.0000000063766340 	-0.0000018512914781 	0.0001929692998993 	-0.0087511402200665 	0.1798627713787410 	-1.0833424173843900 	0.1806869600982280 
7	0.0000000043692810 	-0.0000012421945701 	0.0001253213926596 	-0.0054019933497836 	0.1059110868868580 	-0.3648443713137620 	-0.0360756890175935 
8	0.0000000044885621 	-0.0000013026583710 	0.0001350306058320 	-0.0060632087275418 	0.1267063113029330 	-0.6913670643067560 	0.1292472233637910 
9	0.0000000015220588 	-0.0000004506881599 	0.0000464084653092 	-0.0020374027320700 	0.0486962364595688 	-0.0580471685172365 	0.0527354997939256 
10	0.0000000049730392 	-0.0000015183540724 	0.0001686499811462 	-0.0083250201391675 	0.1881482291236250 	-1.1139057658008600 	0.2359728506772850 
11	0.0000000047181373 	-0.0000013870757919 	0.0001469744532427 	-0.0068267058309280 	0.1460384872478880 	-0.7867258329888980 	0.1253805018501450 
12	0.0000000064452614 	-0.0000019417515083 	0.0002139523315735 	-0.0105478202557159 	0.2364382368935860 	-1.3995456259402300 	0.2527560674602680 
13	0.0000000036013072 	-0.0000010278280543 	0.0001036767219708 	-0.0044754867681298 	0.0930848791077094 	-0.4623289455630860 	0.0823118058406180 
14	0.0000000042720588 	-0.0000012522907240 	0.0001321232088989 	-0.0061258788392926 	0.1336406187438550 	-0.7218758398449180 	0.1296585767164520 
15	0.0000000053415033 	-0.0000016082202112 	0.0001771910507792 	-0.0087600353078228 	0.1989276855658840 	-1.0788064925251600 	0.1537844508417270 
16	0.0000000032745098 	-0.0000009615196078 	0.0001011148190045 	-0.0046860354106635 	0.1075773690524010 	-0.6075768202373980 	0.1207939119697130 
17	0.0000000029330065 	-0.0000008382352941 	0.0000843244092508 	-0.0036480717811568 	0.0806295494537239 	-0.4142662484564860 	0.0617647058818420 
18	0.0000000056633987 	-0.0000016419683258 	0.0001702505027651 	-0.0076080779514544 	0.1518098418573240 	-0.7874212258312500 	0.0316330728077219 
19	0.0000000035433007 	-0.0000010551376320 	0.0001125398127199 	-0.0052451378890678 	0.1158424450385110 	-0.5932538392967910 	0.0527149321267188 
20	0.0000000039607843 	-0.0000011270173454 	0.0001141182126696 	-0.0050086924105265 	0.1057140172081670 	-0.5087569244468920 	0.0435828877000404 
21	0.0000000037222222 	-0.0000010602564103 	0.0001069273504273 	-0.0046086247086214 	0.0929742385391445 	-0.3343321678311510 	-0.0447552447553790 
22	0.0000000036315359 	-0.0000010630184766 	0.0001106031611362 	-0.0049593758569818 	0.1051521344667210 	-0.5405928630181000 	0.1216988893452250 
23	0.0000000029591503 	-0.0000008810143288 	0.0000944966691804 	-0.0045016736939496 	0.1043966362721280 	-0.4108131084591520 	0.0545043192096273 
24	0.0000000033480392 	-0.0000009816553544 	0.0001031547888386 	-0.0047481480529238 	0.1051192431097280 	-0.5005368846828620 	0.0524064171119107 
25	0.0000000039583333 	-0.0000011274038462 	0.0001135496794871 	-0.0048996722027926 	0.1015372668996420 	-0.5518881118868210 	0.1391608391602400 
26	0.0000000056486928 	-0.0000016359539970 	0.0001689226370034 	-0.0075063168449130 	0.1517473003791720 	-0.9282235019862800 	0.1673385438077730 
4분위	a	b	c	d	e	f	g
1	-0.0000000036053922 	0.0000010119061086 	-0.0001039244909501 	0.0047948473707612 	-0.0915077166459589 	0.9963758398450300 	-0.2793089263674350 
2	-0.0000000026544118 	0.0000006769325038 	-0.0000600483597285 	0.0021689723879043 	-0.0209704092965319 	0.3060370560805930 	0.0172151378036460 
3	-0.0000000053709150 	0.0000014593514329 	-0.0001436929361487 	0.0062612556561023 	-0.1099443769137650 	0.8533418003547670 	-0.2026532291231430 
4	-0.0000000066609477 	0.0000018564573906 	-0.0001914832516338 	0.0090285449232053 	-0.1830359703366170 	1.4715885438067400 	-0.3230152200724210 
5	-0.0000000045302288 	0.0000012669211916 	-0.0001290065673705 	0.0058018523755605 	-0.1021051516292770 	0.8082551761949060 	-0.0565199506371528 
6	-0.0000000042295752 	0.0000010933917798 	-0.0001020015397184 	0.0042390215789073 	-0.0692773158050000 	0.4954718222942040 	-0.0485808309330196 
7	-0.0000000042606209 	0.0000011482183258 	-0.0001120288147309 	0.0048227851192873 	-0.0812568775993847 	0.7131222747826220 	-0.1627519539277960 
8	-0.0000000058129085 	0.0000016613404977 	-0.0001747707704875 	0.0082659155182969 	-0.1627579859680560 	1.3879211229924000 	-0.3412381735897720 
9	-0.0000000035727124 	0.0000009844739819 	-0.0000978237493715 	0.0042334794494681 	-0.0685333788106230 	0.6233299396670540 	-0.0868983957212777 
10	-0.0000000025915033 	0.0000006902714932 	-0.0000647936148818 	0.0025706705059614 	-0.0363998242606207 	0.6185028794726080 	-0.1611271081853830 
11	-0.0000000038823529 	0.0000010365007541 	-0.0001001719457013 	0.0042828808446413 	-0.0713745865897640 	0.6563925682149010 	-0.1283011106530690 
12	-0.0000000021135621 	0.0000005124340121 	-0.0000412373366013 	0.0012067474804579 	-0.0022167308834223 	0.2865902577807250 	-0.1708556149727090 
13	-0.0000000031119281 	0.0000008013668929 	-0.0000740805367018 	0.0030339799293812 	-0.0476265818820832 	0.4870887494849160 	-0.0793294940349369 
14	-0.0000000058202614 	0.0000016069758673 	-0.0001612520110607 	0.0071479586589818 	-0.1263631203435350 	0.9162886329338940 	-0.1265322912372540 
15	-0.0000000038725490 	0.0000010515082956 	-0.0001027055052790 	0.0043503256547330 	-0.0685959070340219 	0.6395839846415790 	-0.1399835458649930 
16	-0.0000000026160131 	0.0000007065987934 	-0.0000690847159376 	0.0030030782942511 	-0.0497997574156882 	0.5369643150956890 	-0.1868161250505980 
17	-0.0000000050465686 	0.0000013798359728 	-0.0001379175150828 	0.0061934119189570 	-0.1143100041133610 	0.9019153640459710 	-0.2651378033721130 
18	-0.0000000038733660 	0.0000009358880090 	-0.0000770883924082 	0.0025404390340031 	-0.0238240642853255 	0.2081173728225570 	0.0887289181409869 
19	-0.0000000021609477 	0.0000005375471342 	-0.0000463262003519 	0.0016484604243778 	-0.0154491230174560 	0.2410937885638600 	-0.0128753599339575 
20	-0.0000000049387255 	0.0000013875471342 	-0.0001419244909501 	0.0063839499348630 	-0.1116587189769370 	0.8877161661850750 	-0.1828054298637200 
21	-0.0000000038210784 	0.0000010118684012 	-0.0000954297699848 	0.0038327107328904 	-0.0534038183873828 	0.4697893870823590 	-0.1369806663917640 
22	-0.0000000035539216 	0.0000009805995475 	-0.0000984756787329 	0.0044101869943732 	-0.0792448238035144 	0.7820136432181980 	-0.2133689839565700 
23	-0.0000000041462418 	0.0000011433917798 	-0.0001142900012568 	0.0049931299705150 	-0.0816339183690835 	0.6472323118045130 	-0.1097696421218190 
24	-0.0000000031421569 	0.0000008522624434 	-0.0000844204374057 	0.0037430875497015 	-0.0639958477306000 	0.5862052310424400 	-0.1099753187986610 
25	-0.0000000040849673 	0.0000011062594268 	-0.0001089548768224 	0.0047654394624931 	-0.0812294380454748 	0.6515830933758040 	-0.1915261209375100 
26	-0.0000000041421569 	0.0000010871983409 	-0.0001021031297133 	0.0042021638900268 	-0.0679259701081939 	0.5796685177554450 	-0.1837515425743280 